,钓到两个宝的树,:11 Days In Hell @台风少年团-刘耀文 宝宝照顾好自己哦 ,0,0,0,1553961540000
6488887454,是收藏嘉,#经典咏流传# 【@台风少年团 现场版《三字经》来啦！,0,0,0,1553961540000
6373848174,柠檬鑫源,#经典咏流传# 【@台风少年团 现场版《三字经》来啦！,0,0,0,1553961540000
5533878473,吴亦凡的牛奶,#经典咏流传# 【@台风少年团 现场版《三字经》来啦！,0,0,0,1553961540000
2672014545,小太阳cue,#经典咏流传# 【@台风少年团 现场版《三字经》来啦！,0,0,0,1553961540000
6362467155,瑞雪兆__,:我是个很好骗的人，李飞说今年是台风少年团的蜕变之年我真的信的http://t.cn/EiZ4414 ,54,70,37,1553961540000
5562374933,mxh神秘女子,#经典咏流传# 【@台风少年团 现场版《三字经》来啦！,0,0,0,1553961540000
6689680911,倪加油,#经典咏流传# 【@台风少年团 现场版《三字经》来啦！,0,0,0,1553961540000

5656575846,南滨迷路乐园,#经典咏流传# 【@台风少年团 现场版《三字经》来啦！,0,0,0,1553961480000
1977113241,J之exo,#经典咏流传# 【@台风少年团 现场版《三字经》来啦！,0,0,0,1553961480000
6600012680,小张爱吃橙子,:#丁程鑫[超话]#[心]#丁程鑫 一骑绝尘# 来九张目前最喜欢的程程的照片，咬唇绝对是top了,11,1,1,1553961480000
6533216779,晴天772018,:#马嘉祺[超话]#[心]#马嘉祺 三字经# 赠 最爱的少年@台风少年团-马嘉祺 歌声美 舞蹈赞演技佳 身姿俏天仙脸 幽兰音白雪肤 雪葱手圆规腿 汉玉足苏神痣 模特身精灵耳 小翘鼻薄樱嘴 凤眼尾腕踝纤 天鹅颈 平锁骨 柳枝腰 剑锋眉 玲珑心 马 嘉 祺Written by @沈良慕 Edited by @晴天772018 ,12,7,5,1553961480000
2048757230,刘晨曦Rosemary,#经典咏流传# 【@台风少年团 现场版《三字经》来啦！,0,0,0,1553961480000
6253602996,不是你禾禾,#经典咏流传# 【@台风少年团 现场版《三字经》来啦！,3,3,0,1553961480000
5360825083,唯望嘉歌,#经典咏流传# 【@台风少年团 现场版《三字经》来啦！,0,0,0,1553961480000
6158162709,朱帘转·正云桥·廷上盛蔷薇,#朱正廷[超话]#【关于香港场巡演后台花篮应援的声明】📍事情起因：3月20日，粉丝团接团站通知可进行后台应援，每家允许送入一个花篮。粉丝团将此消息传达给其他站子，并和我们家另外6家站子达成联合，随即建群协商相关事宜。由于无直接沟通渠道，为了避免出现意外，我们决定与七子其他家在同一家花店，根据自身需求定制花篮统一送入后台。订花过程顺畅，于昨天（3月29日）与花店确认花材实物。今天（3月30日）上午9点20分左右，粉丝团前线抵达现场准备接应花篮。9点50分，花店人员携带花篮成品到达巡演现场。⚠️事情经过：花店将花篮运送至场馆外，由于主办方拒绝花店工作人员和粉丝团前线进入后台搭建花篮。我们只有遵循工作人员要求，交由工作人员搬入后台搭建。然而粉丝团于11点15分，得到团站反馈，在主办方工作人员将花篮运送至后台的过程中，我们的花篮发生损坏。粉丝团随即通过团站向主办方要求前往后台修复花篮，但主办方请团站告知会尝试自行修复花篮。然而，根据后台返图，修复结果令人无法接受。紧急情况下，粉丝团迅速联系另一家花店（原花店距离较远，无法再次送花）送来新的花篮用于替换被损坏的花篮。同时，在粉丝团对接的反复要求下，终于与主办方取得联系并说服对方允许将新的花篮送入后台。⭕️后续：粉丝团已将重新准备好的花篮放入后台，并于3：18分得到后台返图。在此，感谢对此事提供帮助的现场🍬。粉丝团也将认真总结经验教训，积极沟通，争取最大利益，并且为正廷应援做出最大努力。以上，望🍬们悉知，予以谅解。ALL  FOR  ZZT！朱正廷全球粉丝团2019.3.30图一：前一天确认的花篮图二：花篮送进后台前图三：花篮经工作人员修复后图四：新订制花篮,0,0,0,1553961420000
5574797823,洛迦楼罗,#经典咏流传#【你们不知道的@台风少年团 大揭秘！】今晚即将演绎的新版《三字经》和第一季王力宏的有何不同？五位少年最喜欢的诗词和诗人是谁？……当然喽，最重要的还是长到一米八啊（这句到底谁说的？）,0,0,0,1553961420000
6124952195,燚s猫捡球,#经典咏流传# 【@台风少年团 现场版《三字经》来啦！,0,0,0,1553961420000
6430843354,1Charon,#经典咏流传# 【@台风少年团 现场版《三字经》来啦！,0,0,0,1553961420000
6169875703,蓝色的隔绝,:各位姐妹们，芒果TV发起了“台风少年团公益计划捐赠活动”，快去帮助他们给留守儿童们给予帮助吧！🙇 ,5,0,0,1553961420000
6320163796,羽梦冰泪,#经典咏流传# 【@台风少年团 现场版《三字经》来啦！,0,0,0,1553961420000
6297758672,现在开始睡觉,:【电视连续剧忠实观众】【颜值可以当饭吃】【超喜欢笑】【一胖就胖脸】【一般吃了就是长不胖】【酸辣粉热爱者】【可爱甜颜】【傻笑乐呵】@台风少年团-姚景元 ,0,0,0,1553961420000
5229459803,MJQ12127,#经典咏流传# 【@台风少年团 现场版《三字经》来啦！,0,0,0,1553961420000
2560420414,宜時亓間,:#马嘉祺[超话]#☀️#钻石主唱马嘉祺[超话]#【看图想象的小故事】是从小陪你长大一直守在身边的哥哥你爬果树摘果子跌落接住你的哥哥你玩沙子弄得脸蛋脏兮兮带你去溪边清洗的哥哥是带你去小河里捉鱼捉泥鳅捉小螃蟹的哥哥可是有一天哥哥考上了大学拿着录取通知书向你道别“记得要想我喔 我会回来看你的”他走之前 摸了摸你的小脑袋一如记忆里那般温暖张扬❤️@台风少年团-马嘉祺 图cr.logo,20,2,9,1553961420000
2698376731,流溢galaxy,#天宇的天空[超话]#mty#马天宇[超话]#,1,0,0,1553961420000
,REJOICE-丁程鑫资源博,#丁程鑫[超话]#🌶🍓🍊🍰🌱❗️（花花的壁纸系列5）周六愉快@台风少年团-丁程鑫 ,4,5,0,1553961420000
5210437574,遨游在易颗七折小行星,#经典咏流传# 【@台风少年团 现场版《三字经》来啦！,0,1,0,1553961420000
6452248905,桐菜瓜,#经典咏流传# 【@台风少年团 现场版《三字经》来啦！,0,0,0,1553961420000
6441562469,小满五月的天,#经典咏流传# 【@台风少年团 现场版《三字经》来啦！,0,0,0,1553961420000
,先先上楼5年啦,#经典咏流传# 【@台风少年团 现场版《三字经》来啦！,0,0,0,1553961420000
6466882578,橙汁嘚心心,:#全优top丁程鑫[超话]##王牌ace丁程鑫##丁程鑫 重庆人在首尔# 晚上好 有没有小号来互关一下 等级不够[哈哈]顺便求踩@台风少年团-丁程鑫 ,1,1,6,1553961420000
6288688381,柒祺茄七,:不行了我真的要睡了，祺祺晚安🌙️@台风少年团-马嘉祺 ,0,0,0,1553961420000
5436179805,Syxmuel,:#和好看的人结婚能有多开心#当然超级开心啊赏心悦目@台风少年团-宋亚轩 cr：logo ,0,0,0,1553961360000
6303979602,哎呀呀呀YYYYYLLLHHH,#朱正廷[超话]#【关于香港场巡演后台花篮应援的声明】📍事情起因：3月20日，粉丝团接团站通知可进行后台应援，每家允许送入一个花篮。粉丝团将此消息传达给其他站子，并和我们家另外6家站子达成联合，随即建群协商相关事宜。由于无直接沟通渠道，为了避免出现意外，我们决定与七子其他家在同一家花店，根据自身需求定制花篮统一送入后台。订花过程顺畅，于昨天（3月29日）与花店确认花材实物。今天（3月30日）上午9点20分左右，粉丝团前线抵达现场准备接应花篮。9点50分，花店人员携带花篮成品到达巡演现场。⚠️事情经过：花店将花篮运送至场馆外，由于主办方拒绝花店工作人员和粉丝团前线进入后台搭建花篮。我们只有遵循工作人员要求，交由工作人员搬入后台搭建。然而粉丝团于11点15分，得到团站反馈，在主办方工作人员将花篮运送至后台的过程中，我们的花篮发生损坏。粉丝团随即通过团站向主办方要求前往后台修复花篮，但主办方请团站告知会尝试自行修复花篮。然而，根据后台返图，修复结果令人无法接受。紧急情况下，粉丝团迅速联系另一家花店（原花店距离较远，无法再次送花）送来新的花篮用于替换被损坏的花篮。同时，在粉丝团对接的反复要求下，终于与主办方取得联系并说服对方允许将新的花篮送入后台。⭕️后续：粉丝团已将重新准备好的花篮放入后台，并于3：18分得到后台返图。在此，感谢对此事提供帮助的现场🍬。粉丝团也将认真总结经验教训，积极沟通，争取最大利益，并且为正廷应援做出最大努力。以上，望🍬们悉知，予以谅解。ALL  FOR  ZZT！朱正廷全球粉丝团2019.3.30图一：前一天确认的花篮图二：花篮送进后台前图三：花篮经工作人员修复后图四：新订制花篮,0,0,0,1553961360000
,暴躁的阿卷,:泰妍新歌好听哎，现场台风也棒 ,4,0,2,1553961360000
6023232129,画梦思清sjzx,#经典咏流传# 【@台风少年团 现场版《三字经》来啦！,0,0,0,1553961360000
5715188014,祺遇七玥,:你大概是春天本身吧，一颦一笑像是春风拂过心间，暖到心底晚安，我的@台风少年团-马嘉祺 帅哥 ,1,0,0,1553961360000
6008275042,梦落花瑶,:@台风少年团-马嘉祺 我在#明星势力榜#新星榜上为你加油啦，你是我今生唯一的执著哦。棒棒哒！明星势力榜第22位  ,0,0,0,1553961360000
6008275042,梦落花瑶,想听什么？ ,0,0,0,1553961360000
6596876411,今天多讲点屁话,:tt真是让人越看越喜欢 喜欢他疯疯的台风喜欢他用尽全力在舞台上疯跳还喜欢他声嘶力竭在唱歌还喜欢他戏精一样演戏喜欢他不标准的普通话：kang（看）kang（看）你，我要fang（饭）吃还很喜欢他毛毛虫一样的头发 或者一顿爆炸头 或者顺毛的乖乖头太可爱了,2,0,3,1553961360000
5723199487,月夜心跳指引,#经典咏流传# 【@台风少年团 现场版《三字经》来啦！,0,0,0,1553961360000
5865522358,水漫我橙,:#马嘉祺 三字经# ,0,0,0,1553961360000
5654187898,Sehun凯源玺,#经典咏流传# 【@台风少年团 现场版《三字经》来啦！,0,0,0,1553961360000
5679891632,AKA_炸炸儿_不废话,#小鬼王琳凯[超话]#王琳凯 感冒了不会说一男的王琳凯 睡的不好不会主动提一男的王琳凯 打地铺一男的王琳凯 第一个想到给好朋友买车一男的王琳凯 能注意到好朋友不会唱团的歌就主动cue好朋友教rap一男的王琳凯 永远在傻乐一男的王琳凯 永远快乐一男的王琳凯 好帅一男的宝贝 我真的真的 好喜欢你[悲伤]@小鬼-王琳凯,0,0,0,1553961360000
6417353019,宋轩之迷,故事的小黄花～和五个我,0,0,0,1553961360000
6473595868,小丸子本人201204,:@台风少年团-宋亚轩 我在#明星势力榜#新星榜上为你加油啦，你是我今生唯一的执著哦。棒棒哒！明星势力榜第39位 图源水印 ,0,0,0,1553961360000
6475366448,首席造夢家,:在今天和你说晚安@台风少年团-马嘉祺 ,0,0,0,1553961300000
,还是想做白熊君,#经典咏流传# 【@台风少年团 现场版《三字经》来啦！,0,0,0,1553961300000
6472289986,小丸子的姐姐_,:我刚给@台风少年团-宋亚轩 赠送了10朵鲜花，获得了20爱慕值，感觉自己萌萌哒！饭圈的亲们，快来送花应援吧！时代少年团-宋亚轩已收到72781朵花 ,0,0,0,1553961300000
2750079055,偏爱枕惊鸿入梦,吃饭的碗居然比脸还大🤙🏻🤙🏻🤙🏻 ,0,0,0,1553961300000
6417353019,宋轩之迷,故事的小黄花～和五个我,0,0,0,1553961300000
6473595868,小丸子本人201204,故事的小黄花～和五个我,0,0,0,1553961300000
2377061561,大帅小汤圆,#经典咏流传# 【@台风少年团 现场版《三字经》来啦！,0,0,0,1553961300000
1374129735,云淡风轻_没有关系,:这么晚了还在为亚轩儿打call,1,0,0,1553961300000
6457218140,开水果店的漂亮大婶,:【超绝可爱】【白到发光】【一品酒窝】【绝世侧颜】【目若朗星】【可盐可甜】【温柔声线】【绝美好腰】【帆布鞋狂魔】【一胖就胖脸】【反差萌大哥】@台风少年团-姚景元【姚景元与君共度华年】 ,3,0,1,1553961300000
5229459803,MJQ12127,#经典咏流传# 【@台风少年团 现场版《三字经》来啦！,0,0,0,1553961300000
2750079055,偏爱枕惊鸿入梦,:@台风少年团-丁程鑫  我在#明星ALL榜[超话]#上为你加油啦，你是我今生唯一的执著哦。#丁程鑫[超话]# 棒棒哒！快来为TA应援吧! ,0,0,0,1553961300000
6622755660,元味柠檬糖,仿佛行走在电影胶片里 ,0,0,0,1553961300000
6962537905,杨芸晴小姐的女儿,#sunnee粉丝举反灯牌#sunnee粉丝太可爱了吧，集体举反灯牌为了给sunnee和自己留下一场难忘的回忆，每次都感觉sunnee粉丝好热血,0,0,0,1553961300000
6686777575,永恒四叶草200108,#经典咏流传# 【@台风少年团 现场版《三字经》来啦！,0,0,0,1553961300000
6569490408,MMango吖,:2019.3.30，晚安啦，小祺！🌙 @台风少年团-马嘉祺 ,0,0,0,1553961300000
6294831111,_抓紧门把,#经典咏流传# 【@台风少年团 现场版《三字经》来啦！,0,0,0,1553961300000
6456922449,运动完就不会想吃东西了呢,#经典咏流传# 【@台风少年团 现场版《三字经》来啦！,0,0,0,1553961300000
6311876277,本萌妹有话要说,:台风影音室：演唱会纪录公开！台风少年团整齐的步伐太赞了 本萌妹有话要说的秒拍视频 ,2,1,0,1553961300000
5208004568,WQwwwL,:#台风少年团[超话]#好戳我 ,6,0,0,1553961300000
6472289986,小丸子的姐姐_,:@台风少年团-宋亚轩 我在#明星势力榜#新星榜上为你加油啦，你是我今生唯一的执著哦。棒棒哒！明星势力榜第39位  ,0,0,0,1553961300000
6753562373,心动224次,:#经典咏流传 丁程鑫##丁程鑫 女团舞# 今天也要很喜欢鑫鑫,0,0,0,1553961300000
7022134240,糖分收藏,:想了想 参加节目了哪有不被嘲的呢（除了太糊的）尤其出道位的更容易被嘲呗。就觉得占了你家出道位呗。不是不喜欢美丽five出道 只不过是你家废物没有美丽到让我忽略他业务差的地步 明白吗。长的丑的孩子在舞台上率就ok啊 脸不率台风率也ok啊。我真不想看带鱼在台上扭来扭去。尤其拉踩那个 唱歌不行跳舞不行说唱不行的那个。粉丝闭眼吹也真🐮🍺都那样了还能开得了口吹呢,0,0,0,1553961240000
6484476387,千与千寻之任星辰,#经典咏流传# 【@台风少年团 现场版《三字经》来啦！,0,0,0,1553961240000
5043278199,土间梨纪,仿佛行走在电影胶片里 ,0,0,0,1553961240000
6472289986,小丸子的姐姐_,#爱豆锦鲤月#  新的一年里经常泡脚！开心生活！一起养生！ 微博视频 ,0,0,0,1553961240000
6449493971,张真源贺贺贺峻霖1215,#经典咏流传# 【@台风少年团 现场版《三字经》来啦！,0,0,0,1553961240000
6472289986,小丸子的姐姐_,故事的小黄花～和五个我,0,0,0,1553961240000
5659240317,向前奔跑kelly,#经典咏流传# 【@台风少年团 现场版《三字经》来啦！,1,0,0,1553961240000
6938756182,打call小队三号,:#有的人在你生命里出现的意义#@台风少年团-宋亚轩 让我对每一天都充满希望,0,0,0,1553961240000
3893629512,她说他城已空,#经典咏流传# 【@台风少年团 现场版《三字经》来啦！,0,0,0,1553961240000
3962464440,hn鱼肚,:#台风少年团[超话]#我爱的人最终都上交国家了[哈哈] ,17,0,5,1553961240000
6622755660,元味柠檬糖,:#目若朗星姚景元# 姚景元 yjy 好看 ✨姚景元 yjy 可爱💗姚景元 yjy 靓眼帅哥🔖姚景元 yjy 绝世好腰🐚 姚景元 yjy 脸蛋天才📣 姚景元 yjy 声线独特 🎂姚景元 yjy 绝世侧颜 @台风少年团-姚景元 ,0,0,0,1553961240000
2464933093,人间日记,:台风少年团 姚景元 yjy ,1,0,0,1553961240000
5870262749,少年盛世不轻狂,#经典咏流传# 【@台风少年团 现场版《三字经》来啦！,0,0,0,1553961240000
7035454804,芒果酸奶味巧克力,自拍你好，好久不见，周末愉快[暈] ,0,0,0,1553961240000
6570477959,mylittle_universe,杜华 我真的杀你妈啊 ,0,0,0,1553961240000
5414505900,横横捡球,#经典咏流传# 【@台风少年团 现场版《三字经》来啦！,1,0,0,1553961240000
1842530595,哼漠,:#全优top丁程鑫[超话]#[微风]#第一且唯一主舞丁程鑫# 养了将近两个月的号，越养越沉求踩踩丁程鑫 dcx 第一且唯一主舞丁程鑫@台风少年团-丁程鑫 图cr ,0,0,0,1553961240000
6961193467,画希丶,#经典咏流传# 【@台风少年团 现场版《三字经》来啦！,0,0,0,1553961240000
6938756182,打call小队三号,:@台风少年团-宋亚轩 我在#明星势力榜#新星榜上为你加油啦，你是我今生唯一的执著哦。棒棒哒！明星势力榜第39位  ,0,0,0,1553961240000
6938756182,打call小队三号,故事的小黄花～和五个我,0,0,0,1553961240000
6962537905,杨芸晴小姐的女儿,#sunnee粉丝举反灯牌# @火箭少女101_Sunnee 的粉丝把灯牌反着举吸引注意力,0,0,0,1553961240000
5436179805,Syxmuel,:#在微博上我可以#宋亚轩 宋哥 宋村村宋甜甜 宋大帅我都可以！！！@台风少年团-宋亚轩 cr：logo ,1,0,0,1553961240000
2464933093,人间日记,:台风少年团 姚景元 yjy ,0,0,0,1553961180000
2043106887,静如默蝉,#经典咏流传# 【@台风少年团 现场版《三字经》来啦！,0,0,1,1553961180000
3319016443,雷星198209,#经典咏流传# 【@台风少年团 现场版《三字经》来啦！,0,0,0,1553961180000
6753562259,有一颗甜鑫的人,:#丁程鑫 女团舞##丁程鑫 一骑绝尘# 今天也要很喜欢鑫鑫,0,0,0,1553961180000
2028206225,谢却海棠飞絮,【花絮：来#经典咏流传#的第几天，@台风少年团 都做了些什么？,0,0,0,1553961180000
3067021542,亓始昔,#经典咏流传# 【@台风少年团 现场版《三字经》来啦！,0,0,0,1553961180000
6030944093,杨十一1212,#经典咏流传# 【@台风少年团 现场版《三字经》来啦！,0,0,0,1553961180000
6536678120,怕何太阳果儿,#经典咏流传# 【@台风少年团 现场版《三字经》来啦！,0,0,0,1553961180000
5458232242,逸个小朋友看对眼的七亿小朋友,#经典咏流传# 【@台风少年团 现场版《三字经》来啦！,0,0,0,1553961180000
5790074330,啵elvira,#经典咏流传# 【@台风少年团 现场版《三字经》来啦！,0,0,0,1553961180000
6962537905,杨芸晴小姐的女儿,#sunnee粉丝举反灯牌##杨芸晴[超话]#  要为太阳星操碎了心了，为了吸引爱豆注意也是拼了，推开世界的门，发现最优秀的人[赞] 芒果捞新剧的微博视频 ,0,0,0,1553961180000
6471768364,苏苏爱睡觉33,我惊了,0,0,0,1553961180000
2821615504,不愿透露姓名的帅傻子,#经典咏流传# 【@台风少年团 现场版《三字经》来啦！,0,0,0,1553961120000
6297758672,现在开始睡觉,仿佛行走在电影胶片里 ,0,0,0,1553961120000
6187186303,LSYYXY2004,#经典咏流传# 【@台风少年团 现场版《三字经》来啦！,0,0,0,1553961120000
3477170200,炸片秋天,#经典咏流传# 【@台风少年团 现场版《三字经》来啦！,0,0,0,1553961120000
1938036857,T家少女,#经典咏流传# 【@台风少年团 现场版《三字经》来啦！,0,0,0,1553961120000
6121713853,DCX柠檬加冰不加糖,吃饭的碗居然比脸还大🤙🏻🤙🏻🤙🏻 ,0,0,0,1553961120000
6633844617,小帅哥被想莲,:台风夜，他从远方赶来， ,0,0,0,1553961120000
6753561979,鑫动2019,:#经典咏流传 丁程鑫##丁程鑫 女团舞##丁程鑫 一骑绝尘# 今天也要很喜欢鑫鑫,0,0,0,1553961120000
6442326917,人间至味MJQ,#经典咏流传# 【@台风少年团 现场版《三字经》来啦！,0,0,0,1553961120000
3734885605,hi卢小姐,:@台风少年团-刘耀文 这支舞蹈好好看 你跳起来也肯定很好看♥学完了发个视频好吗好吗好吗 微博视频 ,23,3,1,1553961120000
6754493523,24时后有雨,:#丁程鑫 女团舞##丁程鑫 一骑绝尘# 今天也要很喜欢鑫鑫,0,0,0,1553961120000
5589913867,Coucou·dudu,#经典咏流传# 【@台风少年团 现场版《三字经》来啦！,1,0,0,1553961120000
6457218140,开水果店的漂亮大婶,:台风少年团姚景元 yjy ,2,0,0,1553961120000
6995198358,用户6995198358,:#北京车展# #Justin黄明昊密室大逃脱#是不陷世俗的纯真少年 是才华无限的实力偶像 人有千面 昊哥百变 唱跳全能 台风炸裂的魅力少年 黄明昊@jjjustin0219 此刻为你 心跳不已 ,0,0,0,1553961060000
6869872604,无可遁形的椰果,:#台风少年团[超话]##台风少年团经典咏流传#感谢央妈，今天比过年还热闹[赞]好开心呀，希望以后的每天大家都可以像今天一样开心,4,0,0,1553961060000
,·铁汉柔情,BOBO二子帝国三子坤音四子觉醒五子麦锐六子乐华七子阿里八子香蕉九子台风十子创造营2019十一子07快男十三子🉐 我们内娱团魂真了不起，青你去占个十二子还来得及…… ,1,0,0,1553961060000
6323467626,今天你见到爱豆了吗,#经典咏流传# 【@台风少年团 现场版《三字经》来啦！,0,0,0,1553961060000
1854235140,xxxlky,我惊了,0,0,0,1553961060000
6293490771,躁动的参天大树,#经典咏流传# 【@台风少年团 现场版《三字经》来啦！,1,0,0,1553961060000
5613237274,敖炫炫的大馒头,:@台风少年团-宋亚轩 我在#明星势力榜#新星榜上为你加油啦，你是我今生唯一的执著哦。棒棒哒！明星势力榜第39位  ,0,0,0,1553961060000
5613237274,敖炫炫的大馒头,故事的小黄花～和五个我,0,0,0,1553961060000
,-3104-,:💙「京都给予我的东西」在京都演舞台剧两年，是我能够非常接近自己理想的时候。最初被告知“去京都”时也是完全没有迟疑就去了。那也是工作很窘迫的时期，还不能跳出自己风格的舞蹈，束手无策，我会一直这样吗？这时碰巧有人跟我说“去京都演舞台剧吗？”，没有犹豫，我说了“我要去”。我认为这是改变这种状况的好时机。另一个重要原因是，这种每天只有唱歌和跳舞的日程，跳舞可以有所长进。实际上，京都的生活是幸福的。没有任何束缚，很自由。能跳自己想跳的舞蹈，自己想做的事都可以做。因为全部都交给我了，所以必须自己决定各种事。虽然也有通宵之类辛苦的事。但京都对我而言，是让我受益最多的地方。自身变得强大了，唱歌也进步了，舞蹈也精进了。不知不觉间，在东京那种焦虑迷茫的感觉也消失了。不过，因为每天有几场公演，也有没什么观众的时候，很不甘心。因此，我格外努力，做下定决心的事。很多事都进展得很顺利。大概是因为有京都那段时光，才有现在。如果没有那两年，也许今天我就不会在这（笑）。京都给予我的，是非常重要的东西。💙「不想输给自己」这次岚的新歌《台風ジェネレーション》，跟之前的歌感觉完全不同。歌曲一开始是慢歌，也是第一次唱情歌。真是首好歌，但是也很难唱。果然，没办法做到对自己的歌100%满意。录音时会使出所有力气唱歌，虽然当时可以接受，但听到录出来的歌，我还是觉得“唱得还不行”。怎么讲，也许是成为岚以后，自己的理想变高了，因此即使别人说我“很会唱歌”，我也不怎么高兴。倒不是感到有压力。脑海中想的和自己唱的还不是一回事。不是想像谁那样去唱歌，为什么呢，是不想输给自己。我还是想唱出动人心弦的歌曲。比如黑人的赞歌，感觉注入了灵魂。喜欢这类的。如果能唱出那样的歌心情会很好吧，虽然可能办不到，但想以此为目标。图源twi 渣翻,73,154,0,1553961060000
5468493287,祺祺怪怪乖乖,#经典咏流传# 【117岁的老人家依然能流畅背诵《三字经》】河南郏县的张学礼老人，出生于1902年，至今已有一个世纪～听老人家背诵的《三字经》不仅仅是儿时的启蒙教材，更是一生的经典传承。羡慕老爷爷的记忆力！,0,0,0,1553961060000
,你的小虎牙着凉啦,:#台风少年团[超话]# 💛🖤 #丁程鑫[超话]# 我真的大半夜好努力一女的…宝贝你照片里能不能以后多露几个字方便妈咪去get同款…妈真的眼睛都看瞎掉了 ,2,0,2,1553961060000
5737718647,绯羽南鸢,:#台风少年团[超话]#喜欢他们五个一起的样子#经典咏流传 台风少年团# ,27,0,1,1553961060000
6866158022,打call小队二号,:@台风少年团-宋亚轩 我在#明星势力榜#新星榜上为你加油啦，你是我今生唯一的执著哦。棒棒哒！明星势力榜第39位  ,0,0,0,1553961060000
7045006475,GTTFuture,#经典咏流传# 【@台风少年团 现场版《三字经》来啦！,2,0,0,1553961060000
6866158022,打call小队二号,故事的小黄花～和五个我,0,0,0,1553961060000
2391763424,小狐-D,#经典咏流传# 【@台风少年团 现场版《三字经》来啦！,0,0,0,1553961060000
5468493287,祺祺怪怪乖乖,#经典咏流传# 【117岁的老人家依然能流畅背诵《三字经》】河南郏县的张学礼老人，出生于1902年，至今已有一个世纪～听老人家背诵的《三字经》不仅仅是儿时的启蒙教材，更是一生的经典传承。羡慕老爷爷的记忆力！,0,0,0,1553961060000
,草莓House,:公司第一次团建，来了山庄小木屋。去年台风过后杨梅坑已面目全非，整条海岸线坑坑洼洼，已再无昔日景象，高崖边的防护栏已全部换成了水泥桩，硬生生的在自然风光里植入城市的钢筋混凝土味道。这曾是我常来的散心之地，但是我想以后大抵不必再来了！这世间许多事物都在变换，珍惜眼下的风景，你看到的每一次都可能是最后一次。 http://t.cn/zRAchsr,3,0,7,1553961060000
6866158022,打call小队二号,:#有的人在你生命里出现的意义#@台风少年团-宋亚轩 让我对每一天都充满希望,0,0,0,1553961060000
6024155255,就是那杯芒果味的奶昔,#经典咏流传# 【@台风少年团 现场版《三字经》来啦！,1,0,0,1553961060000
6691219891,用户6691219891,吃饭的碗居然比脸还大🤙🏻🤙🏻🤙🏻 ,0,0,0,1553961060000
6754493523,24时后有雨,:#丁程鑫 女团舞##丁程鑫 一骑绝尘# 今天也要很喜欢鑫鑫,0,0,0,1553961060000
5176183195,抱抱甜轩,#经典咏流传#【你们不知道的@台风少年团 大揭秘！】今晚即将演绎的新版《三字经》和第一季王力宏的有何不同？五位少年最喜欢的诗词和诗人是谁？……当然喽，最重要的还是长到一米八啊（这句到底谁说的？）,0,0,0,1553961060000
6693565525,用户6693565525,吃饭的碗居然比脸还大🤙🏻🤙🏻🤙🏻 ,0,0,0,1553961000000
6292964810,草莓少女熬夜但依然娇嫩,#经典咏流传# 【@台风少年团 现场版《三字经》来啦！,0,0,0,1553961000000
6540047596,马小柴的菲菲姨妈,:#马嘉祺 经典咏流传# ,3,0,16,1553961000000
6692685022,用户6692685022,吃饭的碗居然比脸还大🤙🏻🤙🏻🤙🏻 ,0,0,0,1553961000000
5241692355,陷入十八楼,#经典咏流传# 【@台风少年团 现场版《三字经》来啦！,0,0,0,1553961000000
6714422454,用户6714422454,吃饭的碗居然比脸还大🤙🏻🤙🏻🤙🏻 ,0,0,0,1553961000000
3960249968,看见狮子吻了鹿,#朱正廷[超话]#【关于香港场巡演后台花篮应援的声明】📍事情起因：3月20日，粉丝团接团站通知可进行后台应援，每家允许送入一个花篮。粉丝团将此消息传达给其他站子，并和我们家另外6家站子达成联合，随即建群协商相关事宜。由于无直接沟通渠道，为了避免出现意外，我们决定与七子其他家在同一家花店，根据自身需求定制花篮统一送入后台。订花过程顺畅，于昨天（3月29日）与花店确认花材实物。今天（3月30日）上午9点20分左右，粉丝团前线抵达现场准备接应花篮。9点50分，花店人员携带花篮成品到达巡演现场。⚠️事情经过：花店将花篮运送至场馆外，由于主办方拒绝花店工作人员和粉丝团前线进入后台搭建花篮。我们只有遵循工作人员要求，交由工作人员搬入后台搭建。然而粉丝团于11点15分，得到团站反馈，在主办方工作人员将花篮运送至后台的过程中，我们的花篮发生损坏。粉丝团随即通过团站向主办方要求前往后台修复花篮，但主办方请团站告知会尝试自行修复花篮。然而，根据后台返图，修复结果令人无法接受。紧急情况下，粉丝团迅速联系另一家花店（原花店距离较远，无法再次送花）送来新的花篮用于替换被损坏的花篮。同时，在粉丝团对接的反复要求下，终于与主办方取得联系并说服对方允许将新的花篮送入后台。⭕️后续：粉丝团已将重新准备好的花篮放入后台，并于3：18分得到后台返图。在此，感谢对此事提供帮助的现场🍬。粉丝团也将认真总结经验教训，积极沟通，争取最大利益，并且为正廷应援做出最大努力。以上，望🍬们悉知，予以谅解。ALL  FOR  ZZT！朱正廷全球粉丝团2019.3.30图一：前一天确认的花篮图二：花篮送进后台前图三：花篮经工作人员修复后图四：新订制花篮,0,0,0,1553961000000
6714403714,用户6714403714,吃饭的碗居然比脸还大🤙🏻🤙🏻🤙🏻 ,0,0,0,1553961000000
6692903858,用户6692903858,吃饭的碗居然比脸还大🤙🏻🤙🏻🤙🏻 ,0,0,0,1553961000000
,沅沅YYQ,:晚安#惊鸿一面[音乐]#@台风少年团-丁程鑫 ,1,0,1,1553961000000
6150130029,肥柴小朋友有小情绪了,:#给马嘉祺说晚安[超话]#今晚的风也温柔，愿梦里和你相遇。@台风少年团-马嘉祺 ,0,0,2,1553961000000
5996017841,chilliball,#经典咏流传# 【@台风少年团 现场版《三字经》来啦！,0,0,0,1553961000000
6983142756,用户6983142756,吃饭的碗居然比脸还大🤙🏻🤙🏻🤙🏻 ,0,0,0,1553961000000
2599235501,繁华三千尽,#经典咏流传# 【@台风少年团 现场版《三字经》来啦！,0,0,0,1553961000000
6713314557,用户6713314557,吃饭的碗居然比脸还大🤙🏻🤙🏻🤙🏻 ,0,0,0,1553961000000
6713338861,用户6713338861,吃饭的碗居然比脸还大🤙🏻🤙🏻🤙🏻 ,0,0,0,1553961000000
6983142761,用户6983142761,吃饭的碗居然比脸还大🤙🏻🤙🏻🤙🏻 ,0,0,0,1553961000000
6714361735,用户6714361735,吃饭的碗居然比脸还大🤙🏻🤙🏻🤙🏻 ,0,0,0,1553961000000
6937579053,-颠倒梦想-YY,仿佛行走在电影胶片里 ,1,0,0,1553961000000
6982470428,用户6982470428,吃饭的碗居然比脸还大🤙🏻🤙🏻🤙🏻 ,0,0,0,1553961000000
6983142321,用户6983142321,吃饭的碗居然比脸还大🤙🏻🤙🏻🤙🏻 ,0,0,0,1553961000000
6982470923,用户6982470923,吃饭的碗居然比脸还大🤙🏻🤙🏻🤙🏻 ,0,0,0,1553961000000
6983141944,用户6983141944,吃饭的碗居然比脸还大🤙🏻🤙🏻🤙🏻 ,0,0,0,1553961000000
6983141948,用户6983141948,吃饭的碗居然比脸还大🤙🏻🤙🏻🤙🏻 ,0,0,0,1553961000000
3067021542,亓始昔,#经典咏流传# 【@台风少年团 现场版《三字经》来啦！,0,0,0,1553961000000
3259017772,渐行渐智的江南,#经典咏流传# 【@台风少年团 现场版《三字经》来啦！,0,0,0,1553961000000
3102395243,可彤宇花-NiceMe,:#刘耀文点亮公益轨迹[超话]#3.29 2666卡【全A偶像刘耀文】【热血狼崽刘耀文】【舞台体质刘耀文】【黄金比例刘耀文】【台风少年团 刘耀文】【刘耀文 有没有】【刘耀文 万里长城】【刘耀文 少年郎】【刘耀文 狼少年】【刘耀文 魔法城堡】【刘耀文 turn up】【刘耀文 骑士宣言】【刘耀文 同款】【刘耀文 表情包】【刘耀文 公益】,0,0,0,1553961000000
6983142910,用户6983142910,吃饭的碗居然比脸还大🤙🏻🤙🏻🤙🏻 ,0,0,0,1553961000000
6983141925,用户6983141925,吃饭的碗居然比脸还大🤙🏻🤙🏻🤙🏻 ,0,0,0,1553961000000
6591285852,海之言609,:#在微博上我可以#因为喜欢@台风少年团-宋亚轩 在微博上和喜欢他的人互动可以认识很多朋友 ,0,0,0,1553961000000
3941675474,秋田汪汪,#经典咏流传# 【@台风少年团 现场版《三字经》来啦！,0,0,0,1553961000000
6983142974,用户6983142974,吃饭的碗居然比脸还大🤙🏻🤙🏻🤙🏻 ,0,0,0,1553961000000
6449590549,皮这一下你很开心吗12,#经典咏流传# 【@台风少年团 现场版《三字经》来啦！,0,0,0,1553960940000
6049942535,追星少女朱迪迪,好快，又一周了。 ,0,0,0,1553960940000
3188224372,送你一首也么歌,#紫宁winnie[超话]#[米奇比心]#紫宁 巴比龙# 从小房间到大舞台在剪视频的我居然zqsg的流泪了崽崽你成长的好快好快💛I am so proud of you,0,0,0,1553960940000
5832509380,唯4崽的毒辣妈,:#台风少年团[超话]#大家多多积极帮屠夫想办法，！助力TYT五小崽出圈 ,12,1,0,1553960940000
2996349352,鹏程万里19940330,#经典咏流传# 【@台风少年团 现场版《三字经》来啦！,0,0,0,1553960940000
5241692355,陷入十八楼,#经典咏流传# 【@台风少年团 现场版《三字经》来啦！,0,0,0,1553960940000
5241692355,陷入十八楼,#经典咏流传# 【@台风少年团 现场版《三字经》来啦！,0,0,0,1553960940000
,babedodo,:#宋亚轩##台风少年团宋亚轩##满脸都是美貌##@台风少年团# 好漂亮精致的孩子，,2,1,0,1553960940000
5913532587,林莘茊_DFR,:#丁程鑫[超话]#“我喜欢的人啊 他像小孩子一样爱笑那一对狐狸眼里闪着不谙世事的光”🌟🌟🌟 @台风少年团-丁程鑫 ,5,0,1,1553960940000
5973859778,停停的奶黄包-,#歌手# 《我恨我痴心》這首歌是劉德華的經典粵語歌，但很多人可能不知道這首歌其實是由一首英文歌 《I hate myself for loving you》改編，而在選歌時，很多人跟我說，這次不如唱英文歌吧，我就想把兩份詞能不能湊在一起，然後發現出奇的配，填詞人好厲害,0,0,0,1553960940000
,生命的意义在于静止x,#经典咏流传# 【@台风少年团 现场版《三字经》来啦！,0,0,0,1553960940000
6754493619,仙仙要听妈妈的话,:#经典咏流传 丁程鑫##丁程鑫 女团舞# 今天也要很喜欢鑫鑫,0,0,0,1553960940000
5715031268,略略夹心饼,:#全优top丁程鑫[超话]##经典咏流传 丁程鑫# [锦鲤]#丁程鑫 女团舞# 晚间求踩⚡@台风少年团-丁程鑫 ,0,0,3,1553960940000
3700260392,椒盐炸花生,:@台风少年团-宋亚轩 我在#明星势力榜#新星榜上为你加油啦，你是我今生唯一的执著哦。棒棒哒！明星势力榜第39位  ,0,0,0,1553960940000
3700260392,椒盐炸花生,故事的小黄花～和五个我,0,0,0,1553960880000
6589135893,为马嘉祺哐哐撞大墙,:@台风少年团-马嘉祺 我在#明星势力榜#新星榜上为你加油啦，你是我今生唯一的执著哦。棒棒哒！明星势力榜第22位  ,0,0,0,1553960880000
6589135893,为马嘉祺哐哐撞大墙,想听什么？ ,0,0,0,1553960880000
6753562388,星星橙子味,:#经典咏流传 丁程鑫##丁程鑫 女团舞# 今天也要很喜欢鑫鑫,0,0,0,1553960880000
5643320217,_椒盐星球,#经典咏流传# 【@台风少年团 现场版《三字经》来啦！,0,0,0,1553960880000
6093530281,可七居士,:在这无止境的成长旅途中，纵使再迷茫痛苦，但有你们真好@TFBOYS-王俊凯 @台风少年团-马嘉祺 ,4,0,0,1553960880000
6024155255,就是那杯芒果味的奶昔,#经典咏流传# 【@台风少年团 现场版《三字经》来啦！,0,0,0,1553960880000
5973920593,桃七七和马嘉祺,:赶不上班级活动就临时改成周末游（lang）玩（dang）辽首先是各种各样的门然后是灯儿，巷子最后是……各种杂七杂八今天等到了猫捡球发博还有经典咏流传的美图（好绝一男的）果然是令人心情愉悦的一天呀@台风少年团-马嘉祺 福州·福建江夏学院 ,0,0,0,1553960880000
5536390105,Evanescence-幻灭,#经典咏流传# 【@台风少年团 现场版《三字经》来啦！,0,0,0,1553960880000
6962537905,杨芸晴小姐的女儿,#sunnee粉丝举反灯牌#Sunnee杨芸晴版的《推开世界的门》太好听了！循环～,0,0,0,1553960880000
2149453482,X_X_X_X_Amber,#经典咏流传# 【@台风少年团 现场版《三字经》来啦！,0,0,0,1553960880000
,TF家族后援会四川分会,:空口无凭，打榜为据。爱TA，就来#亚洲新歌榜#为@台风少年团 的老妈最常说的十句话-台风少年团 打榜！ ,0,0,0,1553960880000
5697483274,草莓物予,#经典咏流传# 【@台风少年团 现场版《三字经》来啦！,0,0,0,1553960880000
,TF家族后援会四川分会,:安利一下@台风少年团  的新歌骑士宣言 ，敢质疑我品味的人都去屎好嘛？,0,0,0,1553960880000
,TF家族后援会四川分会,:空口无凭，打榜为据。爱TA，就来#亚洲新歌榜#为@台风少年团 的老妈最常说的十句话-台风少年团 打榜！ ,1,0,0,1553960880000
5900732334,挖掘机洗面奶,#经典咏流传# 【@台风少年团 现场版《三字经》来啦！,0,0,0,1553960880000
2383191827,马小祺_,:@台风少年团-马嘉祺 我在#明星势力榜#新星榜上为你加油啦，你是我今生唯一的执著哦。棒棒哒！明星势力榜第22位  ,0,0,0,1553960880000
6043050509,屋顶晚风赏星空,#经典咏流传# 【@台风少年团 现场版《三字经》来啦！,0,0,0,1553960880000
2383191827,马小祺_,想听什么？ ,0,0,0,1553960880000
5092369279,馒头馒头你不要睡着啦,:今天爽到了,0,0,0,1553960880000
3851675055,李是我艺生最美的峰景,#武艺[超话]##与艺携手第十年# 南方有乔木，不可休思。我方有少年，见之不忘，一日不见兮，思之如狂。[爱你]@武艺 武艺全球后援会的微博视频 ,0,0,0,1553960820000
5264104866,我是你的可爱鲸,#经典咏流传# 【@台风少年团 现场版《三字经》来啦！,0,0,0,1553960820000
5585786277,哥哥快到怀里来,"' ⛩ '风吹起落樱万千,少年撞进胸膛#宋亚轩[超话]# @台风少年团-宋亚轩 ",0,0,0,1553960820000
6558360321,打call小队一号,:@台风少年团-宋亚轩 我在#明星势力榜#新星榜上为你加油啦，你是我今生唯一的执著哦。棒棒哒！明星势力榜第39位  ,0,0,0,1553960820000
6558360321,打call小队一号,故事的小黄花～和五个我,0,0,0,1553960820000
2938805781,香香的AD钙奶,#经典咏流传# 【@台风少年团 现场版《三字经》来啦！,0,0,0,1553960820000
5507654783,灵动的风铃,#经典咏流传# 【@台风少年团 现场版《三字经》来啦！,0,0,0,1553960820000
,栢芯Bysing,#经典咏流传# 【@台风少年团 现场版《三字经》来啦！,0,0,0,1553960820000
6077998686,陷落温柔-,:#经典咏流传 丁程鑫# 晚安！好梦@台风少年团-丁程鑫 图源:logo ,0,0,3,1553960820000
6558360321,打call小队一号,:#用emoji表情形容你的一天#白天刷微博看到一些骚操作,2,0,0,1553960820000
6753562388,星星橙子味,:#经典咏流传 丁程鑫##丁程鑫 女团舞# 今天也要很喜欢鑫鑫,0,0,0,1553960820000
5870179092,infiyayeol,:#李成烈[超话]#第五天周末没事就觉得时间更慢了[抓狂]台风中最抢手的part你不是一模一样那种 是那种真要人命那种 呲…,3,0,0,1553960820000
6839029949,用户6839029949,:#钻石主唱马嘉祺[超话]#[酸]#马嘉祺 经典咏流传# 3.30马嘉祺mjq／马嘉祺 依然爱你／全能top马嘉祺／南山归月马嘉祺／马嘉祺表情包／马嘉祺同款／马嘉祺 消防知识／马嘉祺腹肌／马嘉祺 快意／马嘉祺 澄清／马嘉祺 狼少年／马嘉祺腿／马嘉祺柴犬／马嘉祺春晚／马嘉祺 正能量／马嘉祺语录／马嘉祺 演唱会 @台风少年团-马嘉祺 @台风少年团-马嘉祺 @台风少年团-马嘉祺,0,0,21,1553960760000
6558360321,打call小队一号,:#有的人在你生命里出现的意义#@台风少年团-宋亚轩 让我对每一天都充满希望,0,0,0,1553960760000
6591285852,海之言609,:#和好看的人结婚能有多开心#喜欢@台风少年团-宋亚轩 很久了能和他结婚大概会很开心吧 ,0,0,0,1553960760000
2886671075,LOVE丄蘭蘭,:#宝宝的少女心# 有台风哟！ ,0,0,0,1553960760000
6521646191,褐瞳_泪,#经典咏流传# 【@台风少年团 现场版《三字经》来啦！,0,0,0,1553960760000
6814550931,夏末安年77,#经典咏流传# 【117岁的老人家依然能流畅背诵《三字经》】河南郏县的张学礼老人，出生于1902年，至今已有一个世纪～听老人家背诵的《三字经》不仅仅是儿时的启蒙教材，更是一生的经典传承。羡慕老爷爷的记忆力！,0,0,0,1553960760000
5715587205,奶奶又酷酷的阿笑,#经典咏流传# 【@台风少年团 现场版《三字经》来啦！,0,0,0,1553960760000
1107579474,LYYNAN97,#经典咏流传# 【@台风少年团 现场版《三字经》来啦！,0,0,0,1553960760000
6597360969,旧里13,:@台风少年团-宋亚轩 我在#明星势力榜#新星榜上为你加油啦，你是我今生唯一的执著哦。棒棒哒！明星势力榜第39位  ,0,0,0,1553960760000
6207136763,月球航行_,:我要和宋亚轩一样努力@台风少年团-宋亚轩 ,0,0,3,1553960760000
7045006475,GTTFuture,#经典咏流传# 【@台风少年团 现场版《三字经》来啦！,2,0,0,1553960760000
6597360969,旧里13,故事的小黄花～和五个我,0,0,0,1553960760000
,由希v,:@TFBOYS-王源 @TF家族-敖子逸 @台风少年团-宋亚轩 晚安啦,0,0,0,1553960700000
6035666555,在角落望着每一个幸福的人85308,#经典咏流传# 【@台风少年团 现场版《三字经》来啦！,0,0,0,1553960700000
6701946698,玖离啊啊啊啊,#经典咏流传# 【@台风少年团 现场版《三字经》来啦！,0,0,0,1553960700000
6754493244,鑫的一天好心情,:#经典咏流传 丁程鑫##丁程鑫 女团舞##丁程鑫 一骑绝尘#  今天也要很喜欢鑫鑫,0,0,0,1553960700000
6269340879,几颗陨石,:#经典咏流传 丁程鑫# 我也模仿sama，明天号就会好晚安，好梦,0,0,0,1553960700000
6717135118,好梦02910,:#钻石主唱马嘉祺[超话]#,1,0,14,1553960700000
5176183195,抱抱甜轩,#经典咏流传# 【花絮：“五个我的同龄人”，#撒贝宁[超话]# 自称13岁[作揖]】后生萌于虎，首推少年撒！,0,0,0,1553960700000
5939065783,只为纯轩打call,:@台风少年团-宋亚轩 我在#明星势力榜#新星榜上为你加油啦，你是我今生唯一的执著哦。棒棒哒！明星势力榜第39位  ,0,0,0,1553960700000
1937490327,ganthis,:#Lucky#林宥嘉官方版《成全》曝出，演唱会台风超正点～音乐视频搬运的秒拍视频 ,0,0,0,1553960700000
5594548427,小瓜的大甜瓜,woc林俊杰台风真的太好了！一双眼睛不够用！！！当时风吹起这件外套的时候可太帅了😭😭😭 微博视频 ,0,0,0,1553960700000
5939065783,只为纯轩打call,故事的小黄花～和五个我,0,0,0,1553960700000
6297758672,现在开始睡觉,仿佛行走在电影胶片里 ,0,0,0,1553960700000
5750051914,华夏美少年,#经典咏流传# 【@台风少年团 现场版《三字经》来啦！,2,0,2,1553960700000
5832509380,唯4崽的毒辣妈,:#台风少年团[超话]#是芝麻和西瓜，是一个营销号下面的评论热评和热搜所有营销号的发帖  的比较！你只能认为热评比热搜更好。更能吸粉！更能出圈吧！ ,0,0,0,1553960700000
6432425295,女神Jasmine,#经典咏流传# 【@台风少年团 现场版《三字经》来啦！,0,1,0,1553960700000
1785504373,郭正辉Chally,#DINZ酒店#武重义建筑 | 越南兰哈湾竹独家酒店。度假村由五个小屋、一个餐厅和一个亭子组成，建筑的主要材料是竹子，这是一种环保材料，餐厅采用了双曲抛物线壳结构，每13个竹单元中都由80根直竹组成，并创建出了波浪形的天花板和有节奏的屋顶景观。旨在让游客沉浸在大自然中。官网http://t.cn/EJTAH4d ,0,0,0,1553960640000
6485837127,不知名瞎磕玩家,#经典咏流传# 【@台风少年团 现场版《三字经》来啦！,0,0,0,1553960640000
5912211375,余初i,:#紫宁winnie[超话]# 这次广州演唱会 你觉得她哪里进步了？  我感叹于她的台风显露          更于神仙颜的沼泽我们一起陪泥长大吧 ,37,1,7,1553960640000
5722653521,小北与念念,故事的小黄花～和五个我,0,0,0,1553960640000
,舔腿狂魔莫奈,抱歉，作者已设置仅展示半年内微博，此微博已不可见。 ,0,0,0,1553960640000
6684343338,酷又甜的,#宋亚轩[超话]#点击观看全世界最🉑️宝贝@台风少年团-宋亚轩 ,0,0,0,1553960640000
6492146665,梦幻长衫,:姚景元和他的废物粉丝 @一周一堂鉴宝小课 今晚死了吗,1,0,0,1553960640000
6311068000,o漂亮崽崽的什么婷O,仿佛行走在电影胶片里 ,0,0,0,1553960640000
5843730235,喜欢吃橙子的小星星,#经典咏流传# 【@台风少年团 现场版《三字经》来啦！,0,0,0,1553960640000
5688796629,甜味i咖啡,#经典咏流传# 【@台风少年团 现场版《三字经》来啦！,0,0,0,1553960640000
6554913822,草莓味幼恩吖,#经典咏流传# 【@台风少年团 现场版《三字经》来啦！,0,0,0,1553960640000
6552431398,小奶狗好惹人爱O,:#姚景元[超话]#姚景元真的好温柔的一男的啊啊啊！！偶像剧啥的什么时候安排一下！！[悲伤]@台风少年团-姚景元 图源cr: 水印 ,7,0,0,1553960580000
2720863233,TF家族后援会,吃饭的碗居然比脸还大🤙🏻🤙🏻🤙🏻 ,607,8,5,1553960580000
5314742818,舞吟llina,:战台风 http://t.cn/EiZrnwL ,0,0,0,1553960580000
,慎慎慎慎慎微rua,#经典咏流传# 【@台风少年团 现场版《三字经》来啦！,0,0,0,1553960580000
6561086804,国王与乞丐hollow,:#全优top丁程鑫[超话]#☆#经典咏流传 丁程鑫# 富强、民主、文明、和谐， 自由、平等、公正、法治， 爱国、敬业、诚信、友善。 少年智则国智， 少年富则国富， 少年强则国强， 少年独立则国独立， 少年自由则国自由， 少年进步则国进步。 @台风少年团-丁程鑫 丁程鑫 道歉 生日快乐 机场 台风少年团丁程鑫 捉鸡 鞋 puppet 壁纸 同款 赶鸭 表情包 台风少年行 同款博 编舞 笑 颜霸 碎碎念 舞台王者 狐狸笑眼 美少年 丁程鑫后援会 公益 dcx,0,0,1,1553960580000
6962537905,杨芸晴小姐的女儿,#sunnee粉丝举反灯牌#得要这种方式才能吸引Sunnee你的注意吗来看女团成员面对粉丝应援在线懵逼吧今天也是可爱妮对不起，麻烦你们视频也歪着看，太阳星就是这么沙雕视频来源：@杨芸晴的提款机 壁花九公子的微博视频 ,0,0,0,1553960580000
2115935831,追光夏天的傻fufu,#紫宁winnie[超话]#[米奇比心]#紫宁 巴比龙# 从小房间到大舞台在剪视频的我居然zqsg的流泪了崽崽你成长的好快好快💛I am so proud of you,0,0,0,1553960580000
5176183195,抱抱甜轩,#经典咏流传# 【@台风少年团 现场版《三字经》来啦！,0,0,0,1553960580000
6753557058,会跳舞的星星桑,:#丁程鑫 女团舞##丁程鑫 一骑绝尘# 全世界最好的丁程鑫来求踩啦,0,3,5,1553960580000
6429832749,叫我卷儿,#经典咏流传# 【@台风少年团 现场版《三字经》来啦！,0,0,0,1553960580000
6449098949,甜吟爱意,#经典咏流传# 【@台风少年团 现场版《三字经》来啦！,0,0,0,1553960580000
6165103382,碳酸奶茶铺,#经典咏流传# 【@台风少年团 现场版《三字经》来啦！,0,0,0,1553960580000
5574797823,洛迦楼罗,#经典咏流传# 【花絮：“五个我的同龄人”，#撒贝宁[超话]# 自称13岁[作揖]】后生萌于虎，首推少年撒！,0,0,0,1553960580000
6331062371,你真好看吖a,#经典咏流传# 【@台风少年团 现场版《三字经》来啦！,1,0,0,1553960580000
5074025350,梨涡梨涡e,#经典咏流传# 【@台风少年团 现场版《三字经》来啦！,0,0,0,1553960580000
5341724578,T豆沙咸蛋黄_f,#经典咏流传# 【@台风少年团 现场版《三字经》来啦！,0,0,0,1553960520000
6900179886,同一天721,:#台风少年团[超话]#芒果这个是在做公益吗，是会以孩子们的名义是吗，今天打开芒果看到小踢的就点进去了。 ,10,0,4,1553960520000
6433226006,我是玉儿呀xbg,#经典咏流传# 【@台风少年团 现场版《三字经》来啦！,0,0,0,1553960520000
6815456192,横横-7,#经典咏流传# 【117岁的老人家依然能流畅背诵《三字经》】河南郏县的张学礼老人，出生于1902年，至今已有一个世纪～听老人家背诵的《三字经》不仅仅是儿时的启蒙教材，更是一生的经典传承。羡慕老爷爷的记忆力！,0,0,0,1553960520000
3185558480,山城少年入我心,#经典咏流传# 【@台风少年团 现场版《三字经》来啦！,0,0,0,1553960520000
6311068000,o漂亮崽崽的什么婷O,:为你骄傲@台风少年团-姚景元 ,0,0,0,1553960520000
2145120302,孖几竘Ribbon,#经典咏流传# 【@台风少年团 现场版《三字经》来啦！,0,0,0,1553960520000
5994690055,猫捡球·zxy,#经典咏流传# 【@台风少年团 现场版《三字经》来啦！,0,0,0,1553960520000
6718299497,sisi46757,故事的小黄花～和五个我,0,0,0,1553960520000
6508544985,悄悄干坏事啊,#姚景元[超话]##台风少年团[超话]# 已经记不清那天到底录了多少遍，你的表情从一开始的紧张担心到后来被夸奖后笑容灿烂。很开心可以记录你的这些经历再往前走就是花开的季节了，一切都会更好的吧[给你小心心]@台风少年团-姚景元 微博视频 ,0,0,0,1553960520000
6561056186,善良不及天使single,:#全优top丁程鑫[超话]#☆#经典咏流传 丁程鑫# 以热爱祖国为荣，以危害祖国为耻； 以服务人民为荣，以背离人民为耻； 以崇尚科学为荣，以愚昧无知为耻； 以辛勤劳动为荣，以好逸恶劳为耻； 以团结互助为荣，以损人利己为耻； 以城市守信为荣，以见利忘义为耻； 以遵纪守法为荣，以违法乱纪为耻。@台风少年团-丁程鑫 丁程鑫 道歉 生日快乐 机场 台风少年团丁程鑫 捉鸡 鞋 puppet 壁纸 同款 赶鸭 表情包 台风少年行 同款博 编舞 笑 颜霸 碎碎念 舞台王者 狐狸笑眼 美少年 丁程鑫后援会 公益 dcx,0,0,0,1553960520000
5898320347,白泽夜鸣,#经典咏流传# 【@台风少年团 现场版《三字经》来啦！,0,0,0,1553960520000
6096124672,不许养狗,#经典咏流传# 【@台风少年团 现场版《三字经》来啦！,0,2,0,1553960520000
3556171883,给你许一个未来可期,#经典咏流传# 【@台风少年团 现场版《三字经》来啦！,0,0,0,1553960520000
2031359383,柒壹玖壹柒,经典咏流传中亚轩的声音是不是给大家带来耳目一新的感觉呢？变声期的声音在慢慢地变好，虽然不知道在哪个时间点会结束？但是可以肯定的是，老师会关注着你这段嗓子最难熬的岁月,0,0,0,1553960520000
6591205202,最爱是TF家族呀,#经典咏流传# 【@台风少年团 现场版《三字经》来啦！,0,0,0,1553960520000
6560041256,一只张半仙_,:#经典永流传##经典永流传 台风少年团# 五个小盆友拜访百岁的老爷爷和老爷爷一起传唱《三字经》的感觉真的好温暖啊 ,0,0,0,1553960520000
2251794487,因为一群人喜欢一座城,:#和好看的人结婚能有多开心#如果能和@台风少年团-宋亚轩 结婚做梦都会笑醒 ,1,0,0,1553960520000
6753557291,摔了一跤的吧唧,:#经典咏流传 丁程鑫##丁程鑫 女团舞# 全世界最好的丁程鑫来求踩啦,0,0,0,1553960460000
,静静婉儿,#经典咏流传# 【@台风少年团 现场版《三字经》来啦！,0,0,0,1553960460000
6764711034,AM小哥哥,#经典咏流传# 【117岁的老人家依然能流畅背诵《三字经》】河南郏县的张学礼老人，出生于1902年，至今已有一个世纪～听老人家背诵的《三字经》不仅仅是儿时的启蒙教材，更是一生的经典传承。羡慕老爷爷的记忆力！,0,0,0,1553960460000
5495562692,城生三一,#经典咏流传# 【@台风少年团 现场版《三字经》来啦！,0,0,0,1553960460000
2650673885,一只小朕朕,我惊了,0,0,0,1553960460000
6814523109,马嘉祺是最棒的,#经典咏流传# 【117岁的老人家依然能流畅背诵《三字经》】河南郏县的张学礼老人，出生于1902年，至今已有一个世纪～听老人家背诵的《三字经》不仅仅是儿时的启蒙教材，更是一生的经典传承。羡慕老爷爷的记忆力！,0,0,0,1553960460000
5856447861,甜甜轩奶绿,:#宋亚轩[超话]#[兔子]#天生歌者宋亚轩[超话]#@台风少年团-宋亚轩 你要不每个星期/月发一段这个语音/视频给我们野生姆妈吧，你看怎么样？ 精致的低音鼓鱼肚的秒拍视频 ,159,60,17,1553960460000
2344271074,沈溺小島,#经典咏流传# 【@台风少年团 现场版《三字经》来啦！,1,0,0,1553960460000
6238098296,酸酸甜甜就是我chihiro,#经典咏流传# 【@台风少年团 现场版《三字经》来啦！,0,0,0,1553960460000
3288568475,选七专家-阿R,#经典咏流传# 【@台风少年团 现场版《三字经》来啦！,1,0,0,1553960460000
6542043214,B啵仪Y,#经典咏流传# 【@台风少年团 现场版《三字经》来啦！,0,0,0,1553960460000
6962537905,杨芸晴小姐的女儿,Sunnee杨芸晴《推开世界的门》推开世界的门，你就是最特别的人@火箭少女101_Sunnee ,0,0,0,1553960460000
6699131235,鱼音HXY,#宋亚轩[超话]#因为看到好几个鱼儿都发了。还是想说在一切都没有确定之前，鱼儿们最好不要提学校名字，鱼儿们自己知道就可以了。一是不给他压力，静静等待，守好我们的鱼塘。二是现在人多口杂，鱼儿们都懂的。。我们等待夏天[心]图源logo ,0,0,0,1553960460000
5768510135,卷儿熊猫,:#软乎猫崽姚景元[超话]#晚安[月亮]@台风少年团-姚景元 ,1,0,0,1553960460000
6495278756,马嘉祺-prince,#经典咏流传# 【@台风少年团 现场版《三字经》来啦！,0,0,0,1553960460000
5887476320,一点一横幺,#经典咏流传# 【@台风少年团 现场版《三字经》来啦！,0,0,0,1553960400000
6576705657,心如薄荷自然凉凉8,#经典咏流传# 【@台风少年团 现场版《三字经》来啦！,0,0,0,1553960400000
5574961244,224度橙汁,#经典咏流传# 跨越百年的经典共鸣！117岁老人与#台风少年团[超话]# 合唱《三字经》，来听纯享版~@台风少年团-姚景元 @台风少年团-丁程鑫 @台风少年团-马嘉祺 @台风少年团-宋亚轩 @台风少年团-刘耀文 纯享版：《三字经》台风少年团 ,0,0,0,1553960400000
6585315944,塔是个大宝贝吖,:@台风少年团-姚景元 管不管你家的贱婢？来吧你家的狗牵走 @一周一堂鉴宝小课 ,0,0,0,1553960400000
3637059733,力能扛鼎一枝花,:#经典咏流传 丁程鑫# 我学学sama，也 晚安好梦 一下，明天我的号儿会不会就奇迹般地活过来了,1,0,2,1553960400000
6979390153,坏脾气专业户,#丁程鑫[超话]#//时间总拿走我们最好的来让人成长承受这世峥嵘之重，去成全生命中顶天立地#像我一样-台风少年团[音乐]#1007首唱会宣誓环节丁程鑫focus@台风少年团-丁程鑫 HeartBeat0224_丁程鑫的微博视频 ,0,0,0,1553960400000
6035924037,奇妙妙渺,#经典咏流传# 【@台风少年团 现场版《三字经》来啦！,0,0,0,1553960400000
6795371062,大格子小迷妹_,《Bigger》🔥🔥QQ音乐Bigger酷狗 蔡徐坤Bigger酷我http://t.cn/Ex1oOKB咪咕音乐http://t.cn/Ex3Sr9O微博音乐Bigger-蔡徐坤 ,0,0,0,1553960400000
6795371062,大格子小迷妹_,指脸2.0～ #蔡徐坤的未完成# #明星制片人微计划# http://t.cn/EivLC2S 蔡徐坤的秒拍视频 ,0,0,0,1553960400000
6608544577,祺帅帅祺祺,:#钻石主唱马嘉祺[超话]#,0,0,13,1553960400000
6795371062,大格子小迷妹_,蔚蓝色的海洋是大自然最好的礼物 凝望它，守护它。 #蔡徐坤的未完成# #明星制片人微计划# 点击制片人V榜，播放量1111万解锁彩蛋 ,0,0,0,1553960400000
6980208234,小气球_7,:@台风少年团-马嘉祺 我在#明星势力榜#新星榜上为你加油啦，你是我今生唯一的执著哦。棒棒哒！明星势力榜第22位  ,0,0,0,1553960400000
2720863233,TF家族后援会,#经典咏流传# 【@台风少年团 现场版《三字经》来啦！,503,29,3,1553960400000
6980208234,小气球_7,想听什么？ ,0,0,0,1553960400000
6039883171,Echo020224,:#台风少年团[超话]#,8,0,1,1553960400000
6795371062,大格子小迷妹_,新版《Pull up》首秀舞台蔡徐坤工作室的微博视频 ,0,0,0,1553960400000
6754488601,快看星星碎了,:#经典咏流传 丁程鑫##丁程鑫 一骑绝尘# 全世界最好的丁程鑫来求踩啦,0,0,1,1553960400000
6198200907,银河呢喃,#经典咏流传# 【@台风少年团 现场版《三字经》来啦！,0,0,0,1553960400000
6441348315,祺宝65567,:#马嘉祺[超话]##全能top马嘉祺[超话]# 一切的美好都抵不过你在阳光[太阳]下的微笑😊@台风少年团-马嘉祺 ,71,10,9,1553960400000
6437385326,满天星辰皆是你-,:真的！看见丁程鑫就好开心啊！@台风少年团-丁程鑫 简直就是我的强心剂！ ,1,0,0,1553960400000
6795371062,大格子小迷妹_,分享图片 ,0,0,0,1553960400000
6539455093,最爱猫捡球了,:#台风少年团经典咏流传#台风少年团 少年不独行！很感动，看到台风少年团走上舞台就开始哭了，青春少年郎，一身正气！小t加油(ง •̀_•́)ง ,5,0,0,1553960400000
6795371062,大格子小迷妹_,候场 ,0,0,0,1553960400000
5328866203,喵喵的小小虫,:@台风少年团 您真的没必要一次次的这么干，不喜欢就让他走，相信您家里也有小孩吧，就不能换位思考一下吗，还是别人家的小孩就是生来给你们欺负的 ,0,0,0,1553960400000
6857638337,18年18楼的锦鲤崽er,#宋亚轩[超话]# 💗#宋亚轩 经典咏流传# 💗  是我隔音效果好啦，否则你一定能听到我砰砰的心跳声，隔着三千棵树，四百条河。  @台风少年团-宋亚轩 ,0,0,0,1553960400000
6795371062,大格子小迷妹_,#亚洲新歌榜#Bigger - Lyric Video蔡徐坤工作室的微博视频 ,0,0,0,1553960400000
6795371062,大格子小迷妹_,“糯米团”Navi～ #蔡徐坤的未完成# #明星制片人微计划# http://t.cn/EJvXtPY 蔡徐坤的秒拍视频 ,0,0,0,1553960400000
6795371062,大格子小迷妹_,神奇的海洋生物 等待你去了解 去保护。 #蔡徐坤的未完成# #明星制片人微计划# 点击制片人V榜，播放量1111万解锁彩蛋 ,0,0,0,1553960340000
5037093125,橙味果酒-,:#台风少年团[超话]#[鲜花]#经典咏流传 台风少年团# 2019.3.15台风少年团 经典咏流传外景你们是人间最美绝色@台风少年团 ,391,153,125,1553960340000
6578420231,选手0304,:#用emoji表情形容你的一天#,2,0,1,1553960340000
6795371062,大格子小迷妹_,来许愿,0,0,0,1553960340000
6795371062,大格子小迷妹_,探索神秘深海 我们一起 保护这抹纯净的蓝色。 #蔡徐坤的未完成# #明星制片人微计划# 点击制片人V榜，播放量1111万解锁彩蛋 ,0,0,0,1553960340000
6578867628,陪丁程鑫长大鸭,#经典咏流传# 【@台风少年团 现场版《三字经》来啦！,0,0,0,1553960340000
6801191407,派大星抓不到水母,:#台风少年团[超话]#🎑 #台风少年团经典咏流传# /三月的尾巴 你们是盛开的樱花🌸 @台风少年团-姚景元 @台风少年团-丁程鑫 @台风少年团-马嘉祺 @台风少年团-宋亚轩 @台风少年团-刘耀文 @台风少年团 图源@台风少年团丨拾柒夙集 ,32,1,3,1553960340000
5768204389,童小糖love,吃饭的碗居然比脸还大🤙🏻🤙🏻🤙🏻 ,0,0,0,1553960340000
5948952825,渔家阿狐,#经典咏流传# 【@台风少年团 现场版《三字经》来啦！,0,0,0,1553960340000
3828501402,kiyomi170,哦，官方后来发了，那也凑合看看吧，后半段是全景Y.🎁🎧😂的美拍 ,4,0,0,1553960340000
6578420231,选手0304,:#春天摄影大赛#春天有你就很开心@台风少年团-宋亚轩 ,0,0,0,1553960340000
2969812141,人与江湖zs,#经典咏流传# 【@台风少年团 现场版《三字经》来啦！,0,0,0,1553960340000
6753557359,昨夜有224颗星星,:#丁程鑫 女团舞##丁程鑫 一骑绝尘# 全世界最好的丁程鑫来求踩啦,0,0,1,1553960340000
5456697192,梦i婧,#经典咏流传# 【@台风少年团 现场版《三字经》来啦！,0,0,0,1553960280000
,陶陶不绝taotao,#经典咏流传# 【@台风少年团 现场版《三字经》来啦！,0,0,0,1553960280000

6903200380,白桃苏打气泡水,:#钻石主唱马嘉祺[超话]#,3,0,11,1553960280000
6600012680,小张爱吃橙子,:#丁程鑫[超话]# 今天又是被丁程鑫美颜暴击的一天,7,3,3,1553960280000
5185922835,奶昔绝妙,#经典咏流传# 【@台风少年团 现场版《三字经》来啦！,0,0,0,1553960280000
2720863233,TF家族后援会,故事的小黄花～和五个我,333,3,3,1553960220000
6754488564,追鑫指南,:#丁程鑫 女团舞##丁程鑫 一骑绝尘# 全世界最好的丁程鑫来求踩啦,0,0,1,1553960220000
5124966803,余余余生00000,#经典咏流传# 【@台风少年团 现场版《三字经》来啦！,0,0,0,1553960220000
6315624693,郝济菡v,#经典咏流传# 【@台风少年团 现场版《三字经》来啦！,0,0,0,1553960220000
,TF家族后援会四川分会,#经典咏流传# 【@台风少年团 现场版《三字经》来啦！,2,1,0,1553960220000
5574566493,ForestDrops-,:@台风少年团-宋亚轩 我在#明星势力榜#新星榜上为你加油啦，你是我今生唯一的执著哦。棒棒哒！明星势力榜第39位  ,0,0,0,1553960220000
5574566493,ForestDrops-,故事的小黄花～和五个我,0,0,0,1553960220000
2930097643,皮皮丁-小小,#丁程鑫[超话]##经典咏流传 丁程鑫# 「刻骨于雪 失落于风   长情意在 夜雨香   故事易写 年岁难唱   最是此刻不枉」@台风少年团-丁程鑫 #一如少年模样 (Live)[音乐]# ,2,0,1,1553960220000
6213899424,大爱宇宙无敌帅杨芸晴,Sunnee杨芸晴《推开世界的门》推开世界的门，你就是最特别的人@火箭少女101_Sunnee ,0,0,0,1553960220000
6312007893,顾九辰0615216,#经典咏流传# 【@台风少年团 现场版《三字经》来啦！,0,0,0,1553960220000
5470177405,派大星我们去抓水母吧SYX,#宋亚轩[超话]#[给你小心心]#天生歌者宋亚轩# 中考生小轩加油加油gogogo！期待与你的再次相会哦～ ,0,0,0,1553960220000
6578163720,栗栗伊鲁卡,#经典咏流传# 【@台风少年团 现场版《三字经》来啦！,0,0,0,1553960220000
1897064204,紫藤梦71,:这棵琴叶榕买回来是一颗小树苗，大概有20厘米高，一直放在阳台上，不受待见。经过3年多的养殖，现在已长到1米多高了，盆换了有5个，其中有2个盆是被台风吹到打烂的，这个盆也被吹到过，还好是水泥盆，抗摔，只留下几道小裂纹，不影响美观。前几天才把春节买回来的蕙兰丢了，那个地方留下空位，没空去买其他花，只好把琴叶榕搬回大厅，放在那个地方感觉还不错😄。,2,0,0,1553960220000
6440659027,照耀耀耀,:#每天和刘耀文说晚安# 努力一点 才配的上你今天也是般配的一天头晕眼花去睡了也要早点休息哦晚安,0,0,0,1553960220000
6639212479,点石有术,:#马嘉祺 经典咏流传# ,5,0,5,1553960220000
5589034940,BrSilen,【花絮：来#经典咏流传#的第几天，@台风少年团 都做了些什么？,0,0,0,1553960160000
5984803230,82封情書To_BlueRose,:巨C : 偶练第一期时期黑粉对cxk的嘲讽黑称，表示对主题曲舞台上cxk镜头过多。(又被称为大厂cxk的99个伴舞)后C位选举和舞台出来后凭自己的台风和实力扭转负面评价，引来一大波黑转粉。后巨C一词被公认为cxk专属称呼！请独立行走，各自美丽！,29,1,0,1553960160000
5866450657,比个馒头宋给你,:@台风少年团-宋亚轩 我在#明星势力榜#新星榜上为你加油啦，你是我今生唯一的执著哦。棒棒哒！明星势力榜第39位 图源水印 ,0,0,0,1553960160000
6439112519,娜是一道光芒,:#刘耀文点亮公益轨迹[超话]#,1,0,0,1553960160000
5138178674,一莳楒,#经典咏流传# 【@台风少年团 现场版《三字经》来啦！,0,0,0,1553960160000
5979775169,凉拌白开水_,#经典咏流传# 【@台风少年团 现场版《三字经》来啦！,0,0,0,1553960160000
5939065783,只为纯轩打call,:#有的人在你生命里出现的意义#@台风少年团-宋亚轩 让我对每一天都充满希望,0,0,0,1553960160000
5537353025,顾忆冉小太阳,:#台风少年团[超话]#永不负，华夏魂，让我们和台风少年团一起，传承经典。台风少年团中17岁河南小伙马嘉祺与河南117岁张学礼老人的交流让人感动岁月的震撼，相距一个世纪的我们，仍然能够传承经典！台风少年团与张学礼老人隔空对唱，令人动容。希望我们可以一起传承经典，传承中华传统文化。静待我少年强，中华四海远扬 💛,19,0,4,1553960160000
6753557318,星星有很乖,:#经典咏流传 丁程鑫##丁程鑫 一骑绝尘# 全世界最好的丁程鑫来求踩啦,0,3,4,1553960160000
5866450657,比个馒头宋给你,故事的小黄花～和五个我,0,0,0,1553960160000
5768113618,无所谓其他,故事的小黄花～和五个我,0,0,0,1553960160000
5589034940,BrSilen,#经典咏流传#【你们不知道的@台风少年团 大揭秘！】今晚即将演绎的新版《三字经》和第一季王力宏的有何不同？五位少年最喜欢的诗词和诗人是谁？……当然喽，最重要的还是长到一米八啊（这句到底谁说的？）,0,0,0,1553960160000
5768113618,无所谓其他,:@台风少年团-宋亚轩 我在#明星势力榜#新星榜上为你加油啦，你是我今生唯一的执著哦。棒棒哒！明星势力榜第39位  ,0,0,0,1553960160000
5770301617,LIYUEYUANJ,#经典咏流传# 【@台风少年团 现场版《三字经》来啦！,0,0,0,1553960160000
5217967449,Lxz_A酱,#经典咏流传# 【@台风少年团 现场版《三字经》来啦！,0,0,0,1553960160000
5765922611,简单的苗沐沐,:#台风少年团[超话]#是不是意味着如果不能实现盈利，也要像yayys一样被市场选择，走选秀的路子了。 ,24,1,16,1553960160000
6443987192,岚小沐4949,:#全优top丁程鑫[超话]#全优top丁程[超话]#求踩@台风少年团-丁程鑫 ,0,0,0,1553960160000
5888334845,我男神是王俊凯你知道嘛,#经典咏流传# 【@台风少年团 现场版《三字经》来啦！,0,0,0,1553960100000
5242688197,theHorizen,#经典咏流传# 【@台风少年团 现场版《三字经》来啦！,0,0,0,1553960100000
6124354683,圣卡璐沃尔,#经典咏流传# 【@台风少年团 现场版《三字经》来啦！,0,0,0,1553960100000
1853962035,川间短瓦·,故事的小黄花～和五个我,0,0,0,1553960100000
5456189010,洗耳朵的卡文卡,【花絮：来#经典咏流传#的第几天，@台风少年团 都做了些什么？,0,0,0,1553960100000
5028402092,我真的不会再再吃了,#经典咏流传# 【@台风少年团 现场版《三字经》来啦！,0,0,0,1553960100000
5662409293,智慧充满啵脑袋,#经典咏流传# 【@台风少年团 现场版《三字经》来啦！,0,0,0,1553960100000
6973479917,公子酒star,#经典咏流传# 【@台风少年团 现场版《三字经》来啦！,0,0,0,1553960100000
6466694414,用户646666466694414,:马先生，过得好吗？@台风少年团-马嘉祺 ,0,0,0,1553960100000
6205973304,苏新皓的发带,#经典咏流传# 【@台风少年团 现场版《三字经》来啦！,0,0,0,1553960100000
6965009469,多拉哆啦a萌,#经典咏流传# 【@台风少年团 现场版《三字经》来啦！,0,0,0,1553960100000
5863180365,孤獨患者_autism,:#全优top丁程鑫[超话]#☆#经典咏流传 丁程鑫# 日常发原创贴养号求踩踩~[爱你]@台风少年团-丁程鑫 丁程鑫 道歉 生日快乐 机场 台风少年团丁程鑫 捉鸡 鞋 puppet 壁纸 同款 赶鸭 表情包 台风少年行 同款博 编舞 笑 颜霸 碎碎念 舞台王者 狐狸笑眼 美少年 丁程鑫后援会 公益 dcx ,0,0,9,1553960100000
6615137232,沁芳洲-D,#经典咏流传# 【@台风少年团 现场版《三字经》来啦！,0,0,0,1553960100000
6975857172,陪我一起宋轩成王,:#20年后去月球吃的食物#首选馒头，因为认识馒头宋亚轩后我也喜欢吃馒头了,0,0,0,1553960100000
5484940267,内芯毫无波澜,#台风少年团经典咏流传# 台风少年团  经典咏流传《三字经》#台风少年团[超话]#丁程鑫、马嘉祺、姚景元、宋亚轩、刘耀文，用音乐诠释经典，以年轻的力量解读古典诗词的深长韵味，充满磁性的少年歌声带领我们走进中华文化，领略国学之美，快来为我们正能量小偶像打call吧[哈哈] 星闻壹姐的微博视频 ,0,0,0,1553960100000
6199036367,月半小夜曲咩咩,#经典咏流传# 【@台风少年团 现场版《三字经》来啦！,0,0,0,1553960100000
6753557340,0224晴,:#经典咏流传 丁程鑫##丁程鑫 女团舞# 全世界最好的丁程鑫来求踩啦,0,6,9,1553960040000
6624815539,追风北斋,#经典咏流传# 【117岁的老人家依然能流畅背诵《三字经》】河南郏县的张学礼老人，出生于1902年，至今已有一个世纪～听老人家背诵的《三字经》不仅仅是儿时的启蒙教材，更是一生的经典传承。羡慕老爷爷的记忆力！,0,0,0,1553960040000
6624815539,追风北斋,#经典咏流传# 【117岁的老人家依然能流畅背诵《三字经》】河南郏县的张学礼老人，出生于1902年，至今已有一个世纪～听老人家背诵的《三字经》不仅仅是儿时的启蒙教材，更是一生的经典传承。羡慕老爷爷的记忆力！,0,0,0,1553960040000
6358917015,Y-妍柒,#经典咏流传# 【117岁的老人家依然能流畅背诵《三字经》】河南郏县的张学礼老人，出生于1902年，至今已有一个世纪～听老人家背诵的《三字经》不仅仅是儿时的启蒙教材，更是一生的经典传承。羡慕老爷爷的记忆力！,1,0,0,1553960040000
6452245210,桥霜枳月莓,#经典咏流传# 【117岁的老人家依然能流畅背诵《三字经》】河南郏县的张学礼老人，出生于1902年，至今已有一个世纪～听老人家背诵的《三字经》不仅仅是儿时的启蒙教材，更是一生的经典传承。羡慕老爷爷的记忆力！,0,0,0,1553960040000
1845867860,blueblueshower,#经典咏流传# 【@台风少年团 现场版《三字经》来啦！,0,0,0,1553960040000
1610925925,秋日限定小熊巧克力,:#深夜突发感想&对隔了很久艾特的一个回复每次这位盆友@對不起_收信人地址不詳 跋山涉水千方百计去看控的时候，我就忍不住回想我们俩这些年的搞笑历程,2,2,9,1553960040000
6551486578,小螺号滴滴滴滴滴的吹,:#第二届祺祺怪怪小课堂开课啦#有一只深海鱼在游泳，他越潜越深越潜越深，突然它就哭了起来旁边的鱼觉得很奇怪就问它：“你干吗哭？”.........深海鱼就说：“我觉得压力好大哦！”马祺祺晚安🌙@台风少年团-马嘉祺 ,1,0,16,1553960040000
,金刚护鹿啵_Yee,#经典咏流传# 【@台风少年团 现场版《三字经》来啦！,0,0,0,1553960040000
5220088949,無人港區,#经典咏流传# 【117岁的老人家依然能流畅背诵《三字经》】河南郏县的张学礼老人，出生于1902年，至今已有一个世纪～听老人家背诵的《三字经》不仅仅是儿时的启蒙教材，更是一生的经典传承。羡慕老爷爷的记忆力！,0,1,0,1553960040000
6138341370,Rainbow_晴_2,:#经典咏流传 丁程鑫# “温山软水繁星万千都不及你半分眉眼.”@台风少年团-丁程鑫 ,0,0,0,1553960040000
5533583093,plttdeczdiary-,#经典咏流传# 【@台风少年团 现场版《三字经》来啦！,0,0,0,1553960040000
6333111138,小祖宗的微博小窝885,:@台风少年团-宋亚轩 我在#明星势力榜#新星榜上为你加油啦，你是我今生唯一的执著哦。棒棒哒！明星势力榜第39位  ,0,0,0,1553960040000
1853962035,川间短瓦·,吃饭的碗居然比脸还大🤙🏻🤙🏻🤙🏻 ,0,0,0,1553960040000
6624793478,suanzishu83,:#全优top丁程鑫[超话]##丁程鑫 女团舞# [太阳]#丁程鑫 孤独患者等你拯救# 求踩~@台风少年团-丁程鑫 台风少年团丁程鑫 舞台王者 商业奇才 十级话唠编舞 鞋 颜霸 高级  ,0,0,0,1553960040000
6333111138,小祖宗的微博小窝885,#爱豆锦鲤月#  新的一年里经常泡脚！开心生活！一起养生！ 微博视频 ,0,0,0,1553959980000
5939065783,只为纯轩打call,:#用emoji表情形容你的一天#白天刷微博看到一些骚操作,1,0,0,1553959980000
6624793511,beidaofu78,:#全优top丁程鑫[超话]##丁程鑫 女团舞# [太阳]#丁程鑫 孤独患者等你拯救# 求踩~@台风少年团-丁程鑫 台风少年团丁程鑫 舞台王者 商业奇才 十级话唠编舞 鞋 颜霸 高级  ,0,0,0,1553959980000
2201513504,Ehlacheese,#紫宁winnie[超话]#[米奇比心]#紫宁 巴比龙# 从小房间到大舞台在剪视频的我居然zqsg的流泪了崽崽你成长的好快好快💛I am so proud of you,0,0,0,1553959980000
3803036397,我是Broccoli我是孩子王,:D-21从安吉被黄秋忆接回来的外婆开心得像是因为台风突然放假的育英小学生⬇️今日见闻（今早竟然只能被纹纹搀着走 ,2,0,2,1553959980000
6333111138,小祖宗的微博小窝885,故事的小黄花～和五个我,0,0,0,1553959980000
2028206225,谢却海棠飞絮,#经典咏流传#【你们不知道的@台风少年团 大揭秘！】今晚即将演绎的新版《三字经》和第一季王力宏的有何不同？五位少年最喜欢的诗词和诗人是谁？……当然喽，最重要的还是长到一米八啊（这句到底谁说的？）,0,0,0,1553959980000
5193528870,小熊软糖yimi,#经典咏流传# 【117岁的老人家依然能流畅背诵《三字经》】河南郏县的张学礼老人，出生于1902年，至今已有一个世纪～听老人家背诵的《三字经》不仅仅是儿时的启蒙教材，更是一生的经典传承。羡慕老爷爷的记忆力！,0,0,0,1553959980000
6753557283,星星出没快逃,:#经典咏流传 丁程鑫##丁程鑫 女团舞##丁程鑫 一骑绝尘# 全世界最好的丁程鑫来求踩啦,0,5,6,1553959980000
6977952969,用户6977952969,:#马嘉祺 三字经# ,1,0,12,1553959980000
3995180055,李茶嘚,:我真的超吃他在这个舞台上的颜不一样真的不一样@台风少年团-丁程鑫 p5放大看，巨好看#经典咏流传 丁程鑫# ,3,0,0,1553959980000
6618578002,尹R_anqier,:#全优top丁程鑫[超话]##丁程鑫 女团舞# [太阳]#丁程鑫 孤独患者等你拯救# 求踩~@台风少年团-丁程鑫 台风少年团丁程鑫 舞台王者 商业奇才 十级话唠编舞 鞋 颜霸 高级  ,0,0,0,1553959980000
,MSvigi,:因去年台风错过去年的香港场，今晚在广州补了三年前没看第一版的遗憾。@非常林奕华 满怀期待，从未失望。 ,1,0,0,1553959980000
3236999174,淡墨素笺浅忆_,#经典咏流传# 【117岁的老人家依然能流畅背诵《三字经》】河南郏县的张学礼老人，出生于1902年，至今已有一个世纪～听老人家背诵的《三字经》不仅仅是儿时的启蒙教材，更是一生的经典传承。羡慕老爷爷的记忆力！,0,0,0,1553959980000
5121167773,2019要心想事成,#经典咏流传# 【@台风少年团 现场版《三字经》来啦！,1,0,0,1553959980000
6336020701,栓酱每天都要开心鸭,#马嘉祺 三字经# /#马嘉祺 经典咏流传# 唱的已经够好听了 中间那段念白怎么还更好听！@台风少年团-马嘉祺 禁区识记的秒拍视频 ,0,0,0,1553959980000
6325606144,卉卉啥都不会,#经典咏流传# 【@台风少年团 现场版《三字经》来啦！,0,0,0,1553959980000
6975857172,陪我一起宋轩成王,:#快乐大本营#,0,0,0,1553959920000
5945215071,Auroraplanettt_,#经典咏流传# 【@台风少年团 现场版《三字经》来啦！,0,0,0,1553959920000
3776780335,Ikun_Alex魅灵,#经典咏流传# 【@台风少年团 现场版《三字经》来啦！,0,0,0,1553959920000
5782172465,布里安与湖,一如既往的温柔，一见钟情的你。 ,0,0,0,1553959920000
5778781208,满怀开心吖,#经典咏流传# 【@台风少年团 现场版《三字经》来啦！,0,0,0,1553959920000
6303436703,太阳轩呐,#经典咏流传# 【@台风少年团 现场版《三字经》来啦！,0,0,0,1553959920000
,金刚护鹿啵_Yee,#经典咏流传# 【@台风少年团 现场版《三字经》来啦！,1,0,0,1553959920000
6580300395,十载橙叶,#经典咏流传# 【@台风少年团 现场版《三字经》来啦！,0,0,0,1553959920000
6077360549,love橙西吖_fcc,抱歉，作者已设置仅展示半年内微博，此微博已不可见。 ,0,0,0,1553959920000
6462239940,芒果曲祺,#经典咏流传# 【@台风少年团 现场版《三字经》来啦！,1,0,0,1553959920000
,REJOICE-丁程鑫资源博,#丁程鑫[超话]# · #经典咏流传 丁程鑫# 𝟏𝟗𝟎𝟑𝟏𝟓经典咏流传 × @台风少年团-丁程鑫 #春天情书[电影]# · (ฅ• . •ฅ)ﻌﻌﻌ ,1,0,0,1553959920000
5100555357,我是马的柴,:#钻石主唱马嘉祺[超话]#,0,0,17,1553959920000
6584828719,宝贝好好长大呀,#经典咏流传# 【117岁的老人家依然能流畅背诵《三字经》】河南郏县的张学礼老人，出生于1902年，至今已有一个世纪～听老人家背诵的《三字经》不仅仅是儿时的启蒙教材，更是一生的经典传承。羡慕老爷爷的记忆力！,0,1,0,1553959920000
5750346408,马哥的小朋友,#台风少年团[超话]##台风少年团经典咏流传# 00后少年为你唱响《三字经》，弟弟们@台风少年团-姚景元 @台风少年团-丁程鑫 @台风少年团-马嘉祺 @台风少年团-宋亚轩 @台风少年团-刘耀文  青春正当时，经典永流传CCTV经典咏流传的秒拍视频 ,0,0,0,1553959920000
3894828551,有sheng之年-,:#丁程鑫[超话]#[女孩儿]#经典咏流传 丁程鑫# 今天三次被人参了既然三月不能对我好一点但我可以对你好一点抽个浮夸金色大钻笔http://t.cn/EiZnYJ9附生瓜礼包2.0http://t.cn/EtL9dcN（无糖版，糖被我吃掉惹……包邮给自己攒攒人品@台风少年团-丁程鑫 ,31,30,59,1553959920000
6626390044,mjq卖旺旺仙贝,#经典咏流传# 【@台风少年团 现场版《三字经》来啦！,0,0,0,1553959920000
5091497789,谁来买我滴火柴,#经典咏流传# 【@台风少年团 现场版《三字经》来啦！,0,0,0,1553959920000
5356064739,雪山91,#经典咏流传# 【@台风少年团 现场版《三字经》来啦！,0,0,0,1553959920000
2598543920,红帽的姥爷爷爷爷,#经典咏流传# 【@台风少年团 现场版《三字经》来啦！,0,0,0,1553959920000
6553697567,愿望贩卖机,#经典咏流传# 【117岁的老人家依然能流畅背诵《三字经》】河南郏县的张学礼老人，出生于1902年，至今已有一个世纪～听老人家背诵的《三字经》不仅仅是儿时的启蒙教材，更是一生的经典传承。羡慕老爷爷的记忆力！,0,9,0,1553959860000
6980909897,借我一件外套吧,#经典咏流传# 【@台风少年团 现场版《三字经》来啦！,0,0,0,1553959860000
,real__lanie,#经典咏流传# 【@台风少年团 现场版《三字经》来啦！,0,0,0,1553959860000
1998514811,小燕-籽,:@台风少年团-宋亚轩 我在#明星势力榜#新星榜上为你加油啦，你是我今生唯一的执著哦。棒棒哒！明星势力榜第39位 图源水印 ,1,0,0,1553959860000
6199036367,月半小夜曲咩咩,#经典咏流传# 【@台风少年团 现场版《三字经》来啦！,0,0,0,1553959860000
,丧里丧气的大魔王在哭唧唧,#经典咏流传# 【@台风少年团 现场版《三字经》来啦！,0,0,0,1553959860000
3438784804,枸杞朗姆酒,#经典咏流传# 【@台风少年团 现场版《三字经》来啦！,0,0,1,1553959860000
5904706849,梦想女孩王心雨,:#宋亚轩[超话]##宋亚轩[超话]#[给你小心心]#宋亚轩 经典咏流传# 你名字是最美的话，缠绕着我所有的牵挂。你声音是最柔的歌，三生有幸我都会记得。你的手是最冷的火，覆盖了我所有的忐忑。@台风少年团-宋亚轩 感谢刚刚的姐妹提供文字❤️大家为亚轩打榜吧😄 ,145,178,2,1553959860000
6573762182,抿一口假奶,#经典咏流传# 【@台风少年团 现场版《三字经》来啦！,0,0,0,1553959860000
6624744961,时卷松,#经典咏流传# 【@台风少年团 现场版《三字经》来啦！,0,0,0,1553959860000
